AirQualityStation,Longitude,Latitude,Altitude
STA-BEMAND3,4.311546829975828,50.819982386356834,20.0
STA-BEMIHE3,4.38436408347933,50.82530771452436,90.0
STA-BEMMEU1,4.39271769756616,50.89510056242983,50.0
STA-BEMR012,4.3585388563516805,50.79663163889573,100.0
STA-BEPMEU1,4.39271769756616,50.89510056242983,50.0
STA-BEPR001,4.33381970771201,50.84966548846563,15.0
STA-BEPR012,4.3585388563516805,50.79663163889573,100.0
STA-BEPR112,4.3585388563516805,50.79663163889573,100.0
STA-BEPWOL1,4.4257036842442306,50.85657823781408,77.0
STA-BEPWOL2,4.4257036842442306,50.85657823781408,77.0
STA-BETB004,4.347777506050759,50.85205095098214,17.0
STA-BETB006,4.374388284562109,50.8386401775638,67.0
STA-BETB011,4.288706017295201,50.85780610708387,66.0
STA-BETMEU1,4.395716786784691,50.895001011040314,34.0
STA-BETR001,4.334103679825119,50.84971051855545,20.0
STA-BETR012,4.35862395810911,50.796649625050634,101.0
STA-BETWOL2,4.4257036842442306,50.85657823781408,20.0
STA-BEVR001,4.33381970771201,50.84966548846563,15.0
STA-BEVR012,4.3585388563516805,50.79663163889573,100.0
STA-BEVWOL1,4.4257036842442306,50.85657823781408,77.0
